31
0
10 1 10 2 9 3 8 4 7 5 6 6 5 7 4 8 3 9 2 10 1 
1
10 2 10 3 9 4 8 5 7 6 6 7 5 8 4 9 3 10 2 11 1 
2
10 3 10 4 9 5 8 6 7 7 6 8 5 9 4 10 3 11 2 12 1 
3
10 4 10 5 9 6 8 7 7 8 6 9 5 10 4 11 3 12 2 13 1 
4
10 5 10 6 9 7 8 8 7 9 6 10 5 11 4 12 3 13 2 14 1 
5
10 6 10 7 9 8 8 9 7 10 6 11 5 12 4 13 3 14 2 15 1 
6
10 7 10 8 9 9 8 10 7 11 6 12 5 13 4 14 3 15 2 16 1 
7
10 8 10 9 9 10 8 11 7 12 6 13 5 14 4 15 3 16 2 17 1 
8
10 9 10 10 9 11 8 12 7 13 6 14 5 15 4 16 3 17 2 18 1 
9
10 10 10 11 9 12 8 13 7 14 6 15 5 16 4 17 3 18 2 19 1 
10
10 11 10 12 9 13 8 14 7 15 6 16 5 17 4 18 3 19 2 20 1 
11
10 12 10 13 9 14 8 15 7 16 6 17 5 18 4 19 3 20 2 21 1 
12
10 13 10 14 9 15 8 16 7 17 6 18 5 19 4 20 3 21 2 22 1 
13
10 14 10 15 9 16 8 17 7 18 6 19 5 20 4 21 3 22 2 23 1 
14
10 15 10 16 9 17 8 18 7 19 6 20 5 21 4 22 3 23 2 24 1 
15
10 16 10 17 9 18 8 19 7 20 6 21 5 22 4 23 3 24 2 25 1 
16
10 17 10 18 9 19 8 20 7 21 6 22 5 23 4 24 3 25 2 26 1 
17
10 18 10 19 9 20 8 21 7 22 6 23 5 24 4 25 3 26 2 27 1 
18
10 19 10 20 9 21 8 22 7 23 6 24 5 25 4 26 3 27 2 28 1 
19
10 20 10 21 9 22 8 23 7 24 6 25 5 26 4 27 3 28 2 29 1 
20
10 21 10 22 9 23 8 24 7 25 6 26 5 27 4 28 3 29 2 30 1 
21
10 22 10 23 9 24 8 25 7 26 6 27 5 28 4 29 3 30 2 0 1 
22
10 23 10 24 9 25 8 26 7 27 6 28 5 29 4 30 3 0 2 1 1 
23
10 24 10 25 9 26 8 27 7 28 6 29 5 30 4 0 3 1 2 2 1 
24
10 25 10 26 9 27 8 28 7 29 6 30 5 0 4 1 3 2 2 3 1 
25
10 26 10 27 9 28 8 29 7 30 6 0 5 1 4 2 3 3 2 4 1 
26
10 27 10 28 9 29 8 30 7 0 6 1 5 2 4 3 3 4 2 5 1 
27
10 28 10 29 9 30 8 0 7 1 6 2 5 3 4 4 3 5 2 6 1 
28
10 29 10 30 9 0 8 1 7 2 6 3 5 4 4 5 3 6 2 7 1 
29
10 30 10 0 9 1 8 2 7 3 6 4 5 5 4 6 3 7 2 8 1 
30
10 0 10 1 9 2 8 3 7 4 6 5 5 6 4 7 3 8 2 9 1 
